NEAT Best, NEAT Average 
-21.000, -21.000
-20.000, -20.990
-20.000, -20.990
-21.000, -21.000
-21.000, -21.000
-21.000, -21.000
-20.000, -20.980
-20.000, -20.980
-20.000, -20.990
-20.000, -20.990
-19.000, -20.970
-20.000, -20.940
-20.000, -20.910
-20.000, -20.930
-20.000, -20.910
-20.000, -20.910
-20.000, -20.930
-20.000, -20.950
-19.000, -20.930
-20.000, -20.970
-20.000, -20.930
-20.000, -20.930
-19.000, -20.940
-20.000, -20.960
-20.000, -20.910
-19.000, -20.900
-20.000, -20.920
-18.000, -20.860
-20.000, -20.950
-18.000, -20.890
-17.000, -20.890
-17.000, -20.920
-17.000, -20.840
-18.000, -20.860
-16.000, -20.860
-19.000, -20.880
-19.000, -20.870
-18.000, -20.900
-18.000, -20.880
-17.000, -20.830
-15.000, -20.780
-19.000, -20.860
-17.000, -20.870
-19.000, -20.880
-14.000, -20.770
-18.000, -20.850
-18.000, -20.830
-19.000, -20.870
-17.000, -20.740
-18.000, -20.750
-14.000, -20.680
-19.000, -20.830
-18.000, -20.860
-17.000, -20.870
-19.000, -20.890
-18.000, -20.860
-17.000, -20.850
-16.000, -20.750
-16.000, -20.790
-17.000, -20.770
-17.000, -20.820
-15.000, -20.760
-15.000, -20.750
-16.000, -20.640
-16.000, -20.760
-16.000, -20.690
-17.000, -20.770
-18.000, -20.730
-18.000, -20.820
-16.000, -20.800
-17.000, -20.860
-17.000, -20.800
-17.000, -20.760
-15.000, -20.780
-16.000, -20.800
-13.000, -20.580
-15.000, -20.740
-16.000, -20.680
-18.000, -20.820
-18.000, -20.670
-17.000, -20.800
-16.000, -20.640
-15.000, -20.710
-16.000, -20.660
-17.000, -20.720
-18.000, -20.680
-16.000, -20.760
-17.000, -20.700
-17.000, -20.610
-16.000, -20.480
-16.000, -20.640
-15.000, -20.480
-17.000, -20.610
-16.000, -20.690
-17.000, -20.680
-15.000, -20.570
-16.000, -20.630
-13.000, -20.640
-16.000, -20.680
-16.000, -20.710
-16.000, -20.640
-15.000, -20.700
-16.000, -20.620
-15.000, -20.680
-17.000, -20.720
-16.000, -20.630
-17.000, -20.580
-15.000, -20.750
-17.000, -20.620
-17.000, -20.750
-16.000, -20.730
-16.000, -20.600
-16.000, -20.690
-14.000, -20.580
-17.000, -20.550
-14.000, -20.620
-16.000, -20.630
-16.000, -20.660
-17.000, -20.780
-16.000, -20.740
-18.000, -20.750
-16.000, -20.690
-15.000, -20.680
-17.000, -20.760
-15.000, -20.650
-15.000, -20.430
-16.000, -20.570
-15.000, -20.430
-13.000, -20.550
-15.000, -20.630
-15.000, -20.320
-15.000, -20.690
-14.000, -20.410
-15.000, -20.570
-15.000, -20.580
-17.000, -20.570
-16.000, -20.600
-16.000, -20.520
-14.000, -20.560
-14.000, -20.540
-14.000, -20.670
-14.000, -20.680
-12.000, -20.380
-16.000, -20.520
-16.000, -20.610
-11.000, -20.620
-15.000, -20.620
-12.000, -20.470
-15.000, -20.500
-11.000, -20.570
-14.000, -20.570
-12.000, -20.450
-17.000, -20.690
-16.000, -20.480
-16.000, -20.500
-11.000, -20.430
-13.000, -20.600
-15.000, -20.470
-14.000, -20.550
-14.000, -20.420
-15.000, -20.620
-13.000, -20.490
-15.000, -20.470
-14.000, -20.390
-16.000, -20.580
-13.000, -20.380
-15.000, -20.430
-15.000, -20.550
-11.000, -20.350
-17.000, -20.540
-16.000, -20.550
-16.000, -20.620
-14.000, -20.360
-15.000, -20.600
-15.000, -20.480
-16.000, -20.510
-16.000, -20.620
-17.000, -20.570
-16.000, -20.660
-17.000, -20.380
-16.000, -20.420
-15.000, -20.530
-14.000, -20.510
-13.000, -20.370
-10.000, -20.430
-12.000, -20.520
-13.000, -20.360
-10.000, -20.350
-16.000, -20.550
-12.000, -20.580
-13.000, -20.470
-16.000, -20.620
-12.000, -20.630
-8.000, -20.510
-12.000, -20.520
-14.000, -20.410
-16.000, -20.500
-13.000, -20.390
-15.000, -20.110
-13.000, -20.100
-15.000, -20.270
-14.000, -20.430
-14.000, -20.210
-13.000, -20.050
-13.000, -20.290
-10.000, -20.180
-15.000, -20.320
-15.000, -20.270
-13.000, -20.200
-16.000, -20.340
-16.000, -20.530
-16.000, -20.270
-17.000, -20.550
-14.000, -20.260
-15.000, -20.420
-16.000, -20.460
-17.000, -20.660
-14.000, -20.440
-13.000, -20.430
-16.000, -20.440
-14.000, -20.340
-14.000, -20.310
-12.000, -20.180
-16.000, -20.470
-13.000, -20.370
-13.000, -20.420
-14.000, -20.360
-13.000, -20.370
-15.000, -20.450
-15.000, -20.320
-16.000, -20.390
-15.000, -20.270
-14.000, -20.340
-16.000, -20.420
-16.000, -20.580
-15.000, -20.310
-13.000, -20.370
-13.000, -20.470
-15.000, -20.450
-17.000, -20.490
-14.000, -20.480
-13.000, -20.400
-15.000, -20.410
-13.000, -20.320
-15.000, -20.480
-14.000, -20.430
-14.000, -20.300
-16.000, -20.540
-14.000, -20.490
-13.000, -20.350
-13.000, -20.500
-16.000, -20.590
-13.000, -20.310
-11.000, -20.350
-15.000, -20.550
-10.000, -20.480
-16.000, -20.500
-16.000, -20.450
-16.000, -20.590
-14.000, -20.370
-13.000, -20.380
-8.000, -20.350
-17.000, -20.580
-12.000, -20.390
-13.000, -20.450
-13.000, -20.520
-15.000, -20.370
-15.000, -20.510
-14.000, -20.370
-17.000, -20.510
-16.000, -20.730
-14.000, -20.420
-15.000, -20.340
-17.000, -20.550
-14.000, -20.340
-15.000, -20.500
-14.000, -20.460
-16.000, -20.530
-12.000, -20.440
-14.000, -20.380
-16.000, -20.540
-16.000, -20.570
-15.000, -20.460
-14.000, -20.510
-14.000, -20.660
-17.000, -20.580
-15.000, -20.530
-16.000, -20.570
-16.000, -20.450
-14.000, -20.510
-14.000, -20.490
-15.000, -20.570
-14.000, -20.540
-15.000, -20.490
-14.000, -20.380
-17.000, -20.550
-13.000, -20.520
-13.000, -20.290
-13.000, -20.510
-14.000, -20.370
-14.000, -20.230
-14.000, -20.280
-14.000, -20.410
-12.000, -20.270
-13.000, -20.280
-14.000, -20.220
-13.000, -20.050
-14.000, -20.390
-15.000, -20.300
-13.000, -20.290
-16.000, -20.480
-16.000, -20.590
-15.000, -20.290
-14.000, -20.310
-14.000, -20.280
-14.000, -20.290
-14.000, -20.270
-8.000, -20.130
-14.000, -20.370
-14.000, -20.280
-15.000, -20.280
-14.000, -20.150
-12.000, -20.020
-16.000, -20.190
-10.000, -20.300
-15.000, -20.260
-14.000, -19.920
-13.000, -20.130
-13.000, -20.180
-15.000, -20.240
-10.000, -20.150
-15.000, -20.240
-14.000, -20.240
-12.000, -20.190
-15.000, -20.270
-12.000, -20.200
-13.000, -20.140
-13.000, -20.440
-14.000, -20.140
-13.000, -20.170
-13.000, -20.250
-13.000, -20.130
-14.000, -20.230
-13.000, -20.160
-13.000, -20.190
-13.000, -20.120
-14.000, -20.370
-15.000, -20.290
-14.000, -20.260
-15.000, -20.290
-13.000, -20.220
-14.000, -20.350
-12.000, -20.090
-14.000, -20.230
-12.000, -20.040
-14.000, -20.400
-13.000, -20.310
-14.000, -20.120
-14.000, -20.230
-13.000, -20.470
-13.000, -20.170
-14.000, -20.060
-12.000, -20.370
-13.000, -20.210
-13.000, -20.200
-14.000, -20.150
-12.000, -20.210
-14.000, -20.290
-11.000, -20.380
-14.000, -20.320
-13.000, -20.070
-12.000, -20.170
-13.000, -20.210
-16.000, -20.550
-15.000, -20.220
-16.000, -20.290
-15.000, -20.420
-14.000, -20.370
-14.000, -20.340
-11.000, -20.110
-16.000, -20.330
-16.000, -20.470
-13.000, -20.510
-12.000, -20.190
-15.000, -20.160
-14.000, -20.210
-15.000, -20.380
-14.000, -20.250
-14.000, -20.290
-15.000, -20.370
-13.000, -20.220
-13.000, -20.190
-14.000, -20.430
-13.000, -20.130
-17.000, -20.370
-14.000, -20.310
-14.000, -20.420
-14.000, -20.230
-17.000, -20.480
-16.000, -20.280
-15.000, -20.320
-15.000, -20.180
-14.000, -20.160
-13.000, -20.050
-13.000, -20.130
-14.000, -20.230
-14.000, -20.200
-13.000, -20.350
-13.000, -20.270
-12.000, -20.180
-11.000, -20.230
-12.000, -20.290
-15.000, -20.250
-12.000, -20.120
-13.000, -20.240
-11.000, -20.230
-15.000, -20.220
-14.000, -20.230
-11.000, -20.080
-15.000, -20.200
-14.000, -20.290
-13.000, -20.250
-13.000, -20.330
-13.000, -19.900
-14.000, -20.310
-15.000, -20.320
-13.000, -20.410
-13.000, -20.290
-14.000, -20.280
-15.000, -20.430
-13.000, -20.110
-13.000, -20.160
-15.000, -20.350
-14.000, -20.260
-13.000, -20.230
-13.000, -20.250
-14.000, -20.070
-15.000, -20.200
-15.000, -20.330
-14.000, -20.190
-12.000, -20.190
-12.000, -19.900
-12.000, -20.140
-13.000, -19.860
-13.000, -19.970
-13.000, -20.310
-13.000, -20.110
-13.000, -20.130
-12.000, -20.120
-10.000, -20.100
-13.000, -20.130
-13.000, -19.880
-13.000, -20.210
-9.000, -19.970
-13.000, -19.970
-12.000, -20.270
-11.000, -20.140
-13.000, -20.240
-13.000, -20.230
-15.000, -20.230
-12.000, -20.130
-14.000, -20.150
-12.000, -19.920
-12.000, -20.210
-14.000, -20.190
-10.000, -20.140
-12.000, -20.390
-12.000, -20.150
-15.000, -20.260
-11.000, -20.080
-14.000, -20.200
-14.000, -20.120
-12.000, -20.040
-13.000, -20.390
-13.000, -19.960
-13.000, -20.230
-13.000, -19.870
-14.000, -20.180
-16.000, -20.560
-15.000, -20.350
-15.000, -20.460
-14.000, -20.130
-12.000, -20.030
-10.000, -20.270
-13.000, -20.120
-13.000, -20.210
-12.000, -20.150
-13.000, -20.240
-12.000, -20.220
-12.000, -19.910
-14.000, -20.170
-13.000, -20.070
-13.000, -20.240
-11.000, -20.160
-12.000, -20.110
-12.000, -20.030
-14.000, -20.030
-12.000, -19.970
-14.000, -20.060
-15.000, -20.090
-12.000, -20.040
-14.000, -20.050
-14.000, -20.210
-14.000, -20.280
-16.000, -20.330
-15.000, -20.060
-14.000, -20.010
-13.000, -19.940
-11.000, -20.110
-13.000, -19.990
-14.000, -20.120
-13.000, -19.940
-15.000, -20.180
-11.000, -20.160
-12.000, -19.910
-11.000, -19.910
-13.000, -20.080
-15.000, -19.980
-14.000, -19.910
-12.000, -19.720
-10.000, -19.760
-12.000, -19.680
-13.000, -20.170
-11.000, -19.850
-11.000, -19.930
-12.000, -19.940
-15.000, -20.250
-10.000, -20.160
-11.000, -19.900
-13.000, -19.930
-13.000, -20.050
-13.000, -20.160
-13.000, -20.090
-14.000, -19.800
-12.000, -19.860
-13.000, -20.180
-12.000, -19.860
-11.000, -19.840
-12.000, -20.090
-12.000, -20.160
-13.000, -19.960
-12.000, -20.270
-10.000, -20.010
-14.000, -20.070
-8.000, -19.760
-14.000, -19.910
-11.000, -19.920
-15.000, -19.950
-14.000, -19.930
-11.000, -19.930
-10.000, -19.840
-12.000, -20.100
-13.000, -19.910
-13.000, -19.890
-11.000, -20.120
-11.000, -20.050
-14.000, -20.240
-13.000, -20.140
-11.000, -20.050
-9.000, -20.050
-12.000, -20.150
-14.000, -20.240
-14.000, -20.340
-13.000, -20.200
-16.000, -20.290
-13.000, -20.470
-16.000, -20.480
-13.000, -20.320
-14.000, -20.390
-13.000, -20.280
-15.000, -20.220
-13.000, -20.360
-14.000, -20.390
-12.000, -20.220
-11.000, -20.270
-12.000, -20.240
-13.000, -20.380
-14.000, -20.320
-13.000, -20.240
-15.000, -20.260
-11.000, -19.930
-12.000, -19.770
-14.000, -20.390
-13.000, -20.210
-15.000, -20.420
-14.000, -20.430
-15.000, -20.400
-15.000, -20.170
-12.000, -20.160
-14.000, -20.340
-13.000, -20.250
-14.000, -20.230
-12.000, -20.260
-14.000, -20.280
-13.000, -20.280
-14.000, -20.210
-12.000, -19.990
-13.000, -20.030
-13.000, -20.020
-13.000, -20.140
-13.000, -20.250
-14.000, -20.380
-14.000, -19.860
-15.000, -20.260
-15.000, -20.210
-11.000, -20.030
-14.000, -20.170
-13.000, -19.830
-12.000, -20.090
-15.000, -20.500
-15.000, -20.290
-11.000, -20.260
-11.000, -20.050
-10.000, -20.360
-12.000, -20.300
-14.000, -20.380
-13.000, -20.170
-11.000, -20.200
-14.000, -20.220
-14.000, -20.110
-12.000, -20.120
-15.000, -20.380
-11.000, -20.270
-15.000, -20.310
-14.000, -20.390
-12.000, -20.200
-11.000, -20.130
-11.000, -19.630
-10.000, -20.180
-14.000, -20.050
-12.000, -20.250
-13.000, -20.070
-11.000, -19.980
-14.000, -20.270
-12.000, -20.160
-14.000, -20.280
-13.000, -19.900
-13.000, -20.260
-14.000, -20.200
-14.000, -20.050
-15.000, -20.070
-15.000, -20.290
-13.000, -20.210
-12.000, -20.080
-13.000, -20.370
-15.000, -20.460
-14.000, -20.230
-13.000, -19.970
-12.000, -20.140
-7.000, -20.110
-13.000, -20.090
-12.000, -19.980
-15.000, -20.130
-10.000, -20.050
-11.000, -20.130
-13.000, -20.260
-14.000, -19.970
-10.000, -20.130
-11.000, -20.110
-10.000, -19.940
-14.000, -20.040
-13.000, -19.840
-16.000, -20.350
-12.000, -20.100
-15.000, -20.200
-13.000, -20.050
-12.000, -20.120
-11.000, -20.070
-11.000, -20.330
-15.000, -20.190
-14.000, -20.300
-13.000, -20.110
-7.000, -19.810
-14.000, -20.350
-13.000, -20.170
-12.000, -20.050
-12.000, -20.330
-14.000, -20.400
-9.000, -20.280
-12.000, -20.500
-14.000, -20.490
-10.000, -20.410
-11.000, -20.320
-10.000, -20.430
-13.000, -20.140
-12.000, -20.290
-13.000, -20.340
